default constructor:0x5555556396c0
    -1.00297
     1.00297
  -0.0006272
    -0.50019
     1.00355
  -0.0006272
-2.03748e-09
     1.00354
  -0.0006272
     0.50019
     1.00355
  -0.0006272
     1.00297
     1.00297
  -0.0006272
    -1.00355
     0.50019
  -0.0006272
   -0.500268
    0.500268
  -0.0006272
-9.07818e-09
     0.50028
  -0.0006272
    0.500268
    0.500268
  -0.0006272
     1.00355
     0.50019
  -0.0006272
    -1.00354
 3.49283e-09
  -0.0006272
    -0.50028
           0
  -0.0006272
 6.65299e-09
-6.56942e-09
  -0.0006272
     0.50028
-7.09866e-10
  -0.0006272
     1.00354
-4.36441e-10
  -0.0006272
    -1.00355
    -0.50019
  -0.0006272
   -0.500268
   -0.500268
  -0.0006272
-1.56147e-09
    -0.50028
  -0.0006272
    0.500268
   -0.500268
  -0.0006272
     1.00355
    -0.50019
  -0.0006272
    -1.00297
    -1.00297
  -0.0006272
    -0.50019
    -1.00355
  -0.0006272
  2.9097e-09
    -1.00354
  -0.0006272
     0.50019
    -1.00355
  -0.0006272
     1.00297
    -1.00297
  -0.0006272